   1.0000000e+00
   1.0000000e+00
   1.0000000e+00
   1.0000000e+00
   1.0000000e+00
   1.0000000e+00
   1.0000000e+00
   1.0000000e+00
   1.0000000e+00
   1.0000000e+00
   1.0000000e+00
   1.0000000e+00
   1.0000000e+00
   2.0000000e+00
   5.0000000e+00
   9.0000000e+00
   1.2000000e+01
   1.0000000e+01
   3.0000000e+00
   6.0000000e+00
   4.6000000e+01
   1.3700000e+02
   2.5400000e+02
   3.1800000e+02
   2.5000000e+02
   8.1000000e+01
   3.6000000e+01
   4.6400000e+02
   1.5510000e+03
   2.9730000e+03
   3.8410000e+03
   3.2640000e+03
   1.3910000e+03
   1.6300000e+02
   2.7270000e+03
   1.1136000e+04
   2.3481000e+04
   3.3001000e+04
   3.1521000e+04
   1.7136000e+04
   2.2430000e+03
   1.5671000e+04
   9.4095000e+04
   2.6377000e+05
   5.2072600e+05
   8.2120700e+05
   1.0907590e+06
   1.2507840e+06
   1.2509490e+06
   1.0912010e+06
   8.2179100e+05
   5.2129100e+05
   2.6419400e+05
   9.4333000e+04
   1.5749000e+04
   2.2300000e+03
   1.7100000e+04
   3.1504000e+04
   3.3011000e+04
   2.3505000e+04
   1.1157000e+04
   2.7380000e+03
   1.6300000e+02
   1.3870000e+03
   3.2610000e+03
   3.8420000e+03
   2.9760000e+03
   1.5540000e+03
   4.6500000e+02
   3.6000000e+01
   8.1000000e+01
   2.5000000e+02
   3.1800000e+02
   2.5400000e+02
   1.3700000e+02
   4.6000000e+01
   6.0000000e+00
   2.0000000e+00
   1.0000000e+01
   1.2000000e+01
   9.0000000e+00
   5.0000000e+00
   2.0000000e+00
   1.0000000e+00
   1.0000000e+00
   1.0000000e+00
   1.0000000e+00
   1.0000000e+00
   1.0000000e+00
   1.0000000e+00
   1.0000000e+00
   1.0000000e+00
   1.0000000e+00
   1.0000000e+00
   1.0000000e+00
   1.0000000e+00
